794582136268931745315476982689715324432869571157243869821657493943128657576394218
249186573735942186168375429512697348976834251483251967694723815327518694851469732
653287941794631258128945376819724563236859417547163829965372184372418695481596732
152479683368215974974638512416387259783952461529146837237864195891523746645791328
894317265731526894562984173358642719247139586619758432173465928925873641486291357
168295374529734618437186529312578496875649132694312785786951243951423867243867951
597468132318927564642153897456832971821796345973514628735641289164289753289375416
379521684284736519651498372732845961548619723196273845917364258425987136863152497
526394871817652349394817526148736952632985714759421683975143268281569437463278195
742698513816523947539714682381952764965847231427136859653479128174285396298361475
